Gene	TSG_probability	OG_probability	H3K4me3_peak_length	NonSilent_silent_ratio	VEST_score	Exon_conservation_phastCons_score	TSG_all	OG_all	NG	Rank_TSG
NR2F2	0.894569435912428	0.974857804211192	8097.46	2.31	0.68	0.66	0	0	0	332
TNRC18	0.991079551623644	0.538545471951697	6344.69	2.39	0.44	0.65	0	0	0	125
ZEB2	0.985000072092541	0.913512715609293	5230.25	2.54	0.63	0.75	0	0	0	153
BCL6	0.99629615027067	0.999031916771188	8767.56	4.04	0.58	0.7	0	1	0	96
PLEC	0.999778848261076	0.997196021687481	6002.45	2.09	0.53	0.65	0	0	0	40
ZFP36L2	0.971603064445793	0.997969240796306	6515.59	11	0.54	0.58	0	0	0	189
ZFP36L1	0.995874495270294	0.999568539449154	7924.76	3.54	0.57	0.57	0	0	0	99
FOSL2	0.889305889029739	0.74616940309015	3721.59	2.83	0.44	0.66	0	0	0	347
TSC22D2	0.9132041542974	0.90267981915195	7260.63	1.76	0.37	0.64	0	0	0	302
NR3C1	0.968800974340943	0.98762340740115	7395.94	4.23	0.54	0.72	0	0	0	198
FLRT2	0.826109055461002	0.323510462545377	6098.86	2.44	0.58	0.64	0	0	0	479
LMO4	0.883879054966707	0.0499348873643965	8322.82	3.58	0.72	0.74	0	0	0	360
PDGFRA	0.986844382057698	0.999579243076141	4453	6.08	0.58	0.73	0	1	0	144
AHNAK	0.909793434026543	0.996359374959274	6331.97	2.41	0.29	0.68	0	0	0	309
BHLHE40	0.828651515626386	0.663601239279176	7647.03	3.04	0.44	0.69	0	0	0	468
MYC	0.928167895413623	0.999034763415539	3131.74	6.34	0.44	0.57	0	1	0	269
NFIB	0.803305473539837	0.994194604735581	6084.66	2.5	0.75	0.77	0	0	0	517
IGF2BP3	0.684678916897782	0.238577587053483	3330.82	2.84	0.55	0.72	0	0	0	766
UBC	0.875356351104384	0.615725472207772	5330.64	0.81	0.62	0.66	0	0	0	379
SIN3A	0.943307052712016	0.978115720146852	2058.26	4.53	0.64	0.75	0	0	0	235
LDB1	0.929297857450279	0.973774603317197	6960.11	2.96	0.7	0.76	0	0	0	264
GNB2L1	0.894179546309189	0.14255979356348	6737.69	2.81	0.74	0.73	0	0	0	333
INHBA	0.866902056019492	0.743633111971687	5509.85	5.46	0.5	0.64	0	0	0	396
HDGF	0.925898675513037	0.99608412589272	5602.85	2.85	0.43	0.62	0	0	0	273
UBE2D3	0.973313352864146	0.99446540580326	6114.17	3.94	0.66	0.69	0	0	0	183
ARRDC3	0.905100750740072	0.977673316511417	4769.12	8.42	0.65	0.74	0	0	0	314
ZC3H12A	0.961656796115412	0.915799916140188	5563.64	3.63	0.44	0.65	0	0	0	215
PPP1R15B	0.891476617181741	0.949614372038309	5884.4	3.05	0.32	0.6	0	0	0	339
MCL1	0.964764970432451	0.941852957542495	5662.37	3.32	0.44	0.65	0	0	0	210
EEF1A1	0.995542851860741	0.283673801611889	6527.03	4.33	0.74	0.56	0	0	0	101
IRF2BPL	0.625943153017109	0.867110202696627	4829.55	1.48	0.49	0.58	0	0	0	920
CPEB2	0.958646466171592	0.899902136487572	4903.59	4.68	0.6	0.58	0	0	0	219
KLF9	0.808388865699406	0.992281264013233	5051.09	2.6	0.44	0.62	0	0	0	505
ARID5B	0.994347944854156	0.98285963046979	4338.18	5.01	0.5	0.75	0	0	0	112
TCF7L2	0.93667006852243	0.999911796370545	680.55	6.31	0.67	0.73	0	1	0	251
ING1	0.67958871776641	0.92674101434403	5319.01	3.77	0.39	0.55	0	0	0	777
IRS2	0.801864538991925	0.474655494246728	6892.37	4.93	0.34	0.55	0	0	0	521
RND3	0.642071258881281	0.18787665138868	5050.65	2.81	0.66	0.72	0	0	0	875
JUN	0.876501670884875	0.801094440044072	4069.67	3.79	0.53	0.58	0	1	0	378
BAZ2A	0.949541470610939	0.992305590715851	7169.08	4.14	0.45	0.71	0	0	0	227
KLF7	0.904487976414561	0.833528206997016	4302.89	2.21	0.62	0.72	0	0	0	315
MSL2	0.668110045288839	0.732862729393653	5242.15	1.2	0.46	0.67	0	0	0	809
CRIM1	0.958438882878273	0.274129240866722	4182.99	3.51	0.58	0.72	0	0	0	220
BCL2L1	0.993703455372903	0.99716348231164	5762.11	2.86	0.56	0.68	0	0	0	117
AKIRIN2	0.910336805290621	0.972835693783916	5195.27	5.67	0.51	0.7	0	0	0	306
YWHAZ	0.96483694348165	0.836205658660628	5557.74	2.16	0.63	0.79	0	0	0	209
ZNF462	0.729443115996221	0.617180414904854	1919.91	3.13	0.56	0.75	0	0	0	671
ZMIZ1	0.870248200609696	0.81645463488528	1182.11	2.19	0.68	0.73	0	0	0	388
FOXP1	0.987970417695247	0.997170557868608	4548.9	5.76	0.64	0.77	0	1	0	138
HNRNPD	0.950247102381077	0.675223141036347	4740.28	3	0.63	0.78	0	0	0	226
TRA2B	0.896932377975253	0.749346824029465	7517.41	6.07	0.63	0.69	0	0	0	327
VEGFA	0.844527445281029	0.787856666447866	4398.34	5.53	0.55	0.7	0	0	0	439
STIM2	0.774356881810771	0.917639466529152	6199.2	3.16	0.55	0.71	0	0	0	580
C6ORF62	0.892945239609323	0.841098776098884	4914.22	4.21	0.73	0.58	0	0	0	335
ACTB	0.974365159098791	0.845550933574208	4851.45	3.24	0.83	0.64	0	0	0	182
LRP1	0.98920383187597	0.985039033652535	5113.01	2.6	0.59	0.73	0	0	0	134
KLF3	0.982136881838019	0.999908316622998	5722.27	6.05	0.53	0.7	0	0	0	161
SOS1	0.921702621445025	0.864520403004935	6254.59	4.67	0.66	0.74	0	0	0	281
VCPIP1	0.746235290153609	0.184216609927729	5056.74	4.28	0.51	0.69	0	0	0	637
SPARC	0.774145960405455	0.272220201767259	4399.21	2.11	0.68	0.71	0	0	0	581
BCL2L11	0.747723109463043	0.991757029576813	1124.11	9.47	0.63	0.68	0	0	0	631
NRIP1	0.739646333871961	0.305169656100958	5641.77	4.56	0.38	0.68	0	0	0	651
TENC1	0.771202292186228	0.810009892922627	5498.56	2.9	0.53	0.67	0	0	0	586
KDM5B	0.902827479872599	0.0436522044245113	4277.78	3.33	0.52	0.71	0	0	0	318
CXXC5	0.901992627148059	0.974021288412801	5490.5	1.82	0.52	0.67	0	0	0	319
FUBP1	0.996308138223365	0.998011875052989	4086.56	8.93	0.63	0.75	0	1	0	95
MIDN	0.67357871387568	0.437723706666518	5244.25	2.68	0.49	0.59	0	0	0	791
SOX9	0.974916590627816	0.994904307510402	3992.2	6.78	0.53	0.6	0	0	0	178
UGCG	0.813516388521406	0.473015292238153	4285.39	4.64	0.66	0.73	0	0	0	498
ZBTB7A	0.939988382924623	0.911982679737986	6217.13	2.9	0.51	0.57	0	0	0	243
ATP2A2	0.885043587120358	0.820635377978653	930.72	2.76	0.7	0.74	0	0	0	359
ZCCHC2	0.649865243438588	0.785429071199965	4871.07	2.79	0.45	0.58	0	0	0	851
ATXN1	0.778064310612494	0.953146043719508	3296.29	3.68	0.44	0.61	0	0	0	572
BCL3	0.657359276556984	0.870779814791621	6213.06	3.43	0.39	0.66	0	1	0	833
SLC2A1	0.971984990473003	0.496626595489125	4478.05	1.67	0.67	0.7	0	0	0	187
KIAA1949	0.83040173665705	0.780123026590802	8013.07	3.88	0.3	0.58	0	0	0	462
TCF4	0.88382941511572	0.96648667326256	4796.98	3.22	0.67	0.73	0	0	0	361
HNRNPU	0.980017873649166	0.877788139938384	3718.18	2.9	0.56	0.72	0	0	0	163
HSPA5	0.805501022981154	0.354948499687839	4600.7	3.24	0.7	0.67	0	0	0	509
GABPB1	0.688507330847772	0.267964062675688	3835.89	8.67	0.58	0.75	0	0	0	760
ERRFI1	0.880716049801383	0.537689239872148	4345.08	7.86	0.39	0.61	0	0	0	368
TEAD1	0.916764734929832	0.859587015061967	4833.95	3.27	0.69	0.8	0	0	0	293
TRERF1	0.88372410074731	0.844130340654238	1661.11	4.02	0.53	0.7	0	0	0	362
CALM2	0.871934613283749	0.84288367071144	4862.64	5.4	0.73	0.78	0	0	0	386
SDC4	0.714671033299821	0.481328158069953	5242.84	2.29	0.39	0.64	0	0	0	703
ERBB2IP	0.896590259045326	0.663063269119595	3527.3	3.68	0.58	0.72	0	0	0	329
HUWE1	0.831953930775164	0.592889808235632	2406.5	3.89	0.56	0.75	0	0	0	458
SCD	0.866486698439792	0.207296859775181	3895.9	3.2	0.53	0.65	0	0	0	400
WDR26	0.821656699827809	0.604719551853141	3837.67	2.69	0.69	0.77	0	0	0	485
B4GALT1	0.780204655292471	0.266388202689031	5661.74	1.81	0.54	0.7	0	0	0	568
AMD1	0.900246805421532	0.59706738395581	5337.97	2.09	0.65	0.66	0	0	0	322
SP3	0.880445880126904	0.730354531159324	3791.52	1.61	0.54	0.66	0	0	0	369
TOB1	0.738390987951264	0.755005919397944	3928.16	4.77	0.68	0.68	0	0	0	654
MEF2D	0.96640160683506	0.971137321869741	4635.72	1.96	0.61	0.72	0	0	0	203
MYCBP2	0.703757962735981	0.481008061598065	2415.48	4.2	0.68	0.75	0	0	0	726
XPO1	0.989650933123136	0.996456268651087	4382.69	6.71	0.67	0.76	0	1	0	130
PICALM	0.816742190620024	0.977467298684256	5334.87	2.82	0.68	0.74	0	0	0	493
ENC1	0.650471251525202	0.0148269777861475	4022.67	4.09	0.68	0.78	0	0	0	848
PHF12	0.784671270287055	0.882925071753538	4529.61	2.11	0.56	0.75	0	0	0	559
SGMS1	0.663531801979685	0.914246230892229	2879.84	3.08	0.58	0.76	0	0	0	820
SLC20A1	0.710724379236673	0.0290919140792845	3218.34	3.21	0.52	0.7	0	0	0	711
SHB	0.783179820522835	0.925392715939207	4441.57	3.07	0.58	0.67	0	0	0	561
PHF15	0.969845024327809	0.9864110377337	4559.79	2.93	0.55	0.61	0	0	0	194
PCBP1	0.87241414205397	0.999048994375972	2449.97	2.34	0.49	0.7	0	0	0	384
TRAM2	0.68939188576718	0.291249534045257	3830.61	2.05	0.55	0.69	0	0	0	754
PTGES3	0.696830155266276	0.609967043301552	4422.07	4.4	0.49	0.71	0	0	0	744
RBM15	0.886788739681843	0.519073074601871	5234.18	2.77	0.46	0.69	0	0	0	353
SYNCRIP	0.727761209458816	0.921634082910555	4121.47	2.46	0.65	0.75	0	0	0	675
YBX1	0.795753322852779	0.884969144433763	4462.77	4.41	0.67	0.74	0	0	0	533
CCND2	0.869668777894083	0.868917916195462	3897.89	2.91	0.59	0.67	0	1	0	389
IL6ST	0.819190344507133	0.863989774133685	4146.31	7.7	0.44	0.7	0	1	0	489
CRKL	0.883147395919869	0.436953533453436	4328.4	2.88	0.51	0.64	0	0	0	365
TSHZ3	0.629644296636201	0.436986014198359	1675.01	2.41	0.58	0.61	0	0	0	908
KDM2B	0.865649307355357	0.93044266712077	2669.55	3.06	0.59	0.71	0	0	0	401
LPHN2	0.944309043754106	0.629737348803098	4304.99	3.53	0.7	0.74	0	0	0	233
RPRD2	0.744801378404761	0.410949442742837	3003.29	3.61	0.44	0.69	0	0	0	640
ZMYND8	0.994830018840602	0.99993989238676	2023.96	2.44	0.61	0.74	0	0	0	108
CTNNB1	0.999999999999974	1	312.62	68.3	0.69	0.76	0	1	0	9
ARHGAP5	0.886483070949456	0.557068405924571	2922.05	4.26	0.61	0.7	0	1	0	354
PANK2	0.849387447575905	0.101407928926185	4191.22	2.3	0.54	0.75	0	0	0	427
MAN1A1	0.775132895552266	0.0187977125524318	4175.1	5.09	0.6	0.69	0	0	0	578
NPM1	0.999503262921296	1	1302.94	122.83	0.49	0.67	0	1	0	50
PPM1D	0.649113219340835	0.995182380022557	499.35	11.19	0.41	0.69	0	1	0	853
PVRL3	0.685619809574974	0.204251733619889	3956.86	5.32	0.51	0.68	0	0	0	765
FBXO5	0.766993179702651	0.0101309540602073	3762.59	4.29	0.3	0.63	0	0	0	592
CTDSP2	0.963063021413427	0.968403813635306	5442.67	3.38	0.58	0.7	0	0	0	212
WTAP	0.957158431500373	0.825070840458536	4237.31	4.32	0.62	0.72	0	0	0	221
TMEM30A	0.724902340589036	0.172101713619983	3600.29	4.47	0.59	0.71	0	0	0	680
OSBPL3	0.688427197210145	0.170844148439781	3754.12	3.22	0.59	0.72	0	0	0	761
PHF17	0.860677672951609	0.379425835019187	4137.66	3.18	0.5	0.73	0	0	0	412
PAPD7	0.90445562547566	0.561040936347121	4484.62	2.9	0.6	0.7	0	0	0	316
KCMF1	0.663512246857658	0.771865088796842	1329.52	2.03	0.57	0.77	0	0	0	822
U2AF2	0.735975866615554	0.608291767987698	3305.09	4.39	0.57	0.69	0	0	0	662
MLXIP	0.885697694233153	0.827624483321375	4039.44	2.69	0.47	0.67	0	0	0	358
CORO1C	0.794150346953499	0.675127860200591	3482.95	4.1	0.64	0.73	0	0	0	535
NFYA	0.655750015644244	0.146818308141263	2877.68	3.29	0.61	0.71	0	0	0	837
FBN1	0.652074853604491	0.543689059317987	3094.9	3.58	0.62	0.75	0	0	1	843
TPP2	0.671366589005467	0.169389949495365	2169.9	3.58	0.62	0.74	0	0	0	797
NUFIP2	0.910074019433797	0.669676997199147	4004.3	1.9	0.54	0.7	0	0	0	308
RNF145	0.764295509322225	0.577273938069725	4019.97	2.79	0.63	0.73	0	0	0	599
RCC2	0.728014968423575	0.759423908372338	2646.58	2.65	0.71	0.71	0	0	0	673
DDX17	0.955279174993436	0.950112303861094	3912.26	5.51	0	0.74	0	0	0	224
SCAF11	0.627164165429323	0.464354967865965	3267.99	4.53	0.41	0.7	0	0	0	915
RAB10	0.793750201485577	0.485943643467816	3500.57	2.77	0.63	0.77	0	0	0	536
MYO10	0.873927444593999	0.0295997275717958	3234.17	2.53	0.65	0.7	0	0	0	381
ATN1	0.913987237779197	0.885475601077447	4777.32	3.22	0.44	0.64	0	0	0	298
CSRNP1	0.799399291593564	0.880311644576722	5548.41	2.67	0.37	0.61	0	0	0	525
SMEK2	0.787487277192409	0.0335915309172381	3532.26	3.13	0.67	0.7	0	0	0	553
NDUFV2	0.83936698581512	0.936749029103464	4567.85	5.14	0.59	0.71	0	0	0	448
SPTAN1	0.626787436342264	0.359200422064573	829.09	2.05	0.7	0.74	0	0	0	918
ZNF827	0.702610303123607	0.0133667653396737	3637.69	3.6	0.53	0.73	0	0	0	732
GNAQ	0.999999427312575	0.99999999701892	3324.18	21.62	0.65	0.72	0	1	0	22
HERPUD1	0.641189865545453	0.297965454933862	4140.73	2.64	0.43	0.7	0	0	0	880
ETF1	0.679902352650598	0.789262817919439	1121.57	3.26	0.73	0.78	0	0	0	776
FGFR1	0.998787940125259	0.999386555587948	3571.78	5.68	0.64	0.72	0	1	0	70
PTPN1	0.970466166970269	0.747313797089511	4148.94	3.86	0.52	0.68	0	0	0	191
SEC61A1	0.879327830863346	0.156165535958271	3423.62	2.19	0.78	0.72	0	0	0	371
PTPN12	0.887823883500399	0.782899711855898	3480.23	5.14	0.55	0.73	0	0	0	349
AXL	0.969090527426362	0.934483881605311	3841.37	6.37	0.53	0.66	0	0	0	197
TRIP12	0.872288677915086	0.537988866754242	2558.63	3.48	0.71	0.75	0	0	0	385
EZR	0.91848152210123	0.218797950259102	5221.06	2.91	0.63	0.7	0	0	0	289
PCMTD1	0.925899675333315	0.694688830095422	2594.26	3.46	0.58	0.69	0	0	0	272
USP22	0.919644560588041	0.107022220238305	4464.79	2.94	0.63	0.66	0	0	0	286
SMEK1	0.959323523933968	0.534774845483248	3613.36	7.04	0.69	0.72	0	0	0	218
PSME4	0.92863489381554	0.651656807934096	3095.21	3.55	0.62	0.73	0	0	0	267
IRF2	0.791070386095314	0.879061543530634	3002.2	5.48	0.55	0.71	0	0	0	542
TOP1	0.983978580828895	0.958702225238903	3898.18	6.08	0.54	0.72	0	0	0	157
UNC5B	0.827345517635365	0.356715198395141	4248.78	2.98	0.63	0.68	0	0	0	471
WASL	0.806408415672947	0.820132074596998	3271.53	3.97	0.57	0.7	0	0	0	506
ANXA11	0.627539591480926	0.0631754108456786	3865.4	2.26	0.58	0.72	0	0	0	912
RBMS1	0.825418759288208	0.123270399321485	3017.43	3.26	0.62	0.74	0	0	0	480
CLASP1	0.940891135237662	0.858141916128501	2692.41	2.8	0.64	0.74	0	0	0	242
USP1	0.836787592031898	0.490594272179632	3233	4.44	0.43	0.71	0	0	0	454
ASH1L	0.686413486534842	0.817938081043796	2570.08	4.29	0.51	0.76	0	0	0	763
CUL1	0.774452759528648	0.334971418483002	490.6	5.56	0.7	0.74	0	0	0	579
ATXN2L	0.934022764156386	0.82652751809539	2807.53	3.11	0.54	0.71	0	0	0	256
PIK3R3	0.984456159097253	0.531465434615758	3841.54	14.32	0.72	0.73	0	0	0	155
ROCK2	0.830309992500215	0.591917096732592	3915.1	5.04	0.54	0.72	0	0	0	463
SEC31A	0.891173582299175	0.4007349515562	3591.23	3.85	0.6	0.71	0	0	0	341
KIF11	0.655916800956054	0.230925276922103	2919.7	4.33	0.36	0.71	0	0	0	835
RASAL2	0.62702402803838	0.82195877693234	2882.33	3.52	0.62	0.74	0	0	0	917
HS6ST1	0.743322212246519	0.878883584652367	2106.36	2.64	0.54	0.57	0	0	0	644
JMY	0.679508279104193	0.521557318358622	3798.11	3.55	0.44	0.72	0	0	0	778
HSP90AB1	0.916703376051136	0.823033270273438	3320.64	1.95	0.71	0.62	0	0	0	294
REL	0.887072341783327	0.892844630843219	3633.42	8	0.41	0.67	0	1	0	352
RXRA	0.967125038413196	0.961903571172347	2176.89	2.91	0.68	0.69	0	0	0	201
SHC1	0.916648403137497	0.974060491521598	5735.18	3.58	0.51	0.66	0	0	0	296
ZNF217	0.979621528339792	0.365574762513369	6307.71	1.91	0.34	0.68	0	0	0	164
CCNK	0.638798671057554	0.162928553218563	2414.43	3.04	0.58	0.71	0	0	0	888
WDR82	0.967375003953695	0.572791857545159	3317.47	4.9	0.65	0.7	0	0	0	199
RCOR1	0.791021882640096	0.263336028361209	2448.8	4.37	0.51	0.71	0	0	0	543
ANKRD11	0.996062593255511	0.976467498465483	3200.92	3.1	0.48	0.69	0	0	0	98
MLL3	0.937200480965987	0.895293128256084	846.92	6.96	0.51	0.58	0	0	0	249
USP24	0.881121852635373	0.150195986983135	3462.1	3.2	0.62	0.74	0	0	0	367
MAP3K5	0.631658220184395	0.0355739724479602	3926.49	2.54	0.58	0.72	0	0	0	900
KIAA0247	0.723070739972618	0.51872774524617	4266.67	2.43	0.57	0.69	0	0	0	684
AHDC1	0.982521145581631	0.972820258082534	4323.5	2.21	0.5	0.69	0	0	0	159
PHLPP1	0.741266803876563	0.801166927711632	4572.86	3.91	0.56	0.72	0	0	0	647
LRRFIP1	0.963675509097072	0.770724079532205	5003.45	2.65	0.38	0.69	0	0	0	211
CDV3	0.700618240296689	0.291562898170162	3816.18	7.75	0.55	0.68	0	0	0	737
TNKS2	0.755086276180055	0.0885028384218785	2848.97	4.89	0.65	0.74	0	0	0	617
FBXW11	0.693851011384325	0.473017713026275	2745.08	4.82	0.7	0.76	0	0	0	750
NUCKS1	0.776374876137859	0.915619729914722	3619.28	3.82	0.44	0.72	0	0	0	574
MMS19	0.760865483779117	0.0113694539659754	2882.96	3.91	0.59	0.7	0	0	0	603
ABL1	0.997666893006588	0.999572816887911	3045.78	5.61	0.58	0.72	0	1	0	85
RBM26	0.72879053942703	0.964321382816573	3659.24	4.63	0.59	0.74	0	0	0	672
CAPZB	0.981839619329289	0.980577836531244	3560.11	4.1	0.65	0.71	0	0	0	162
INPPL1	0.673384004344299	0.539580562674013	3452.1	3.05	0.57	0.71	0	0	0	794
SPTBN1	0.668414855375511	0.903953221837964	1082.96	3.28	0.64	0.76	0	0	0	808
RFWD2	0.785703325924199	0.540962648510205	2775.69	6.26	0.65	0.73	0	0	0	558
NCOA2	0.660716198310727	0.858756506504285	2946.74	3.6	0.57	0.76	0	1	0	827
VPS37B	0.900462426712382	0.696922699285842	5075.06	2.21	0.34	0.62	0	0	0	321
MARK3	0.924969944518084	0.548582012678581	2661.78	5.9	0.67	0.72	0	0	0	276
HNRNPA3	0.767994768935308	0.596227613872495	3202.34	5.62	0.62	0.6	0	0	0	590
PAFAH1B1	0.986189253353896	0.834655768387499	3727.13	3.84	0.7	0.76	0	0	0	145
TOP2B	0.784416216925152	0.183964799847387	3068.67	5.38	0.61	0.73	0	0	0	560
VAV2	0.928452710527515	0.412546780238346	2566.69	2.12	0.67	0.7	0	0	0	268
APPBP2	0.797700639799541	0.00764124317031921	2738.87	4.35	0.65	0.73	0	0	0	529
PIK3CA	1	0.999999999999514	241.33	84.52	0.67	0.75	0	1	0	1
FRYL	0.643733560749866	0.911589218959807	3023.55	3.3	0.66	0.75	0	0	0	870
PDZRN3	0.630913546552014	0.710349834586753	3522	2.56	0.57	0.71	0	0	1	902
HIAT1	0.681792727111479	0.142094954920978	2597.7	3.27	0.64	0.58	0	0	1	771
UHRF2	0.646832454224723	0.167984991271945	3301.84	3.97	0.52	0.71	0	0	0	865
GNB1	0.883242050767423	0.738183479243659	2442.4	3.11	0.77	0.76	0	0	0	364
GNAI2	0.989644336528064	0.989218461968804	4084.3	3.42	0.67	0.72	0	0	0	131
NCKAP1	0.849393651952491	0.360649133816695	3243.35	4.3	0.75	0.76	0	0	0	426
TCF12	0.873085231050107	0.942540667959493	1518.39	11.74	0.72	0.74	0	0	0	382
EGFR	0.999999998237476	0.999999999999909	3014.29	32.93	0.59	0.69	0	1	0	15
SF3B1	0.999839183310569	0.999999987315209	3248.46	4.24	0.69	0.75	0	1	0	37
KIAA1033	0.729680163983276	0.0497873906316741	3114.57	5.06	0.7	0.74	0	0	0	670
PXN	0.83012022467318	0.411126969575779	3381.74	1.53	0.63	0.64	0	0	0	465
DNAJA1	0.695536870553003	0.171113456639567	3253.69	4.36	0.58	0.69	0	0	0	747
KHDRBS1	0.745514754052244	0.627146310710603	3006.16	4.21	0.59	0.71	0	0	0	638
TUBGCP6	0.747862152877145	0.0114522330073993	3001.95	1.78	0.43	0.63	0	0	0	629
TSPAN14	0.945173138671559	0.607886339779433	4845.66	1.58	0.67	0.65	0	0	0	232
BCLAF1	0.999391790368264	0.999993414915716	4119.15	2.41	0.66	0.75	0	0	0	56
ZFP91	0.93630477858785	0.942183675668591	2263.21	5.38	0.52	0.71	0	0	0	252
GTF2A1	0.716671468662255	0.563443226328414	3232.37	2.65	0.47	0.69	0	0	0	699
ADNP	0.974411492494202	0.686812031533189	2110.93	5.33	0.55	0.8	0	0	0	181
FLNB	0.965174999821641	0.700881599994636	3595.33	1.99	0.63	0.74	0	0	0	207
C14ORF43	0.994525204693539	0.968686288584637	5095.03	5.23	0.43	0.58	0	0	0	110
TEAD3	0.708025276060017	0.883345034175855	3882.99	2.1	0.59	0.68	0	0	0	715
ANP32B	0.667651999311529	0.200365887058726	3404.71	2.89	0.45	0.66	0	0	0	810
YWHAG	0.865445282763265	0.69660964128653	3321.6	1.9	0.65	0.59	0	0	0	404
SBNO2	0.822726937825488	0.45867895001142	2261.2	2.93	0.59	0.64	0	0	0	484
EIF4A3	0.652636303119875	0.0296132514207909	2521.96	2.37	0.67	0.68	0	0	0	842
RAB14	0.850397832009416	0.812150879239605	4074.89	0.98	0.64	0.76	0	0	0	424
DNAJB6	0.847108802467307	0.347797581242475	3251.45	2.32	0.55	0.68	0	0	0	432
KDM5A	0.660254237261129	0.545494591003445	2946.59	7.41	0.62	0.72	0	1	0	828
RPS9	0.896896168350997	0.782576165552491	4364.07	1.75	0.65	0.58	0	0	0	328
PUM1	0.975015846298259	0.46997240287129	3554.59	2.69	0.67	0.77	0	0	0	176
FLNC	0.746895083514828	0.901349925045389	3259.78	2.46	0.61	0.73	0	0	0	634
GSPT1	0.723147536953099	0.216775262357861	2940.15	3.43	0.64	0.73	0	0	0	683
PTP4A2	0.852279648193248	0.955267559276057	4931.82	2.33	0.67	0.74	0	0	0	422
CHD4	0.939394215220558	0.994568071753714	3424.85	4.28	0.66	0.74	0	1	0	244
VDAC1	0.64139265728218	0.643865902113981	2856.86	3.71	0.68	0.74	0	0	0	879
MAP1B	0.739891254489068	0.334826042908946	3223.41	2.76	0.41	0.7	0	0	0	650
USP47	0.775359518523052	0.277469498434401	3215.26	3.11	0.66	0.76	0	0	0	576
SOD2	0.659410548441082	0.0234666991097282	4323.32	2.21	0.55	0.63	0	0	0	829
XBP1	0.629902061100205	0.16743261098883	3312.87	4.06	0.46	0.67	0	0	0	907
ZC3HAV1	0.671126862172915	0.0218471067318451	3999.93	2.26	0.26	0.62	0	0	0	798
MYOF	0.866879635534351	0.352556105501022	2702.64	3.51	0.62	0.72	0	0	0	397
HMGA1	0.62992825487273	0.961858823070449	3022.7	2.71	0.45	0.67	0	1	0	906
ZFX	0.808886591068809	0.256290399455983	3485.81	3	0.53	0.7	0	0	0	503
WHSC1L1	0.746471198606918	0.857071124397935	1377.38	3.15	0.56	0.72	0	1	0	635
BRD3	0.821190957246258	0.580181032361302	3076.05	2.42	0.52	0.68	0	1	0	488
ESYT2	0.670295605809413	0.206030018988169	3508.2	2.71	0.58	0.69	0	0	0	804
JAK2	1	1	230.4	185.33	0.61	0.71	0	1	0	2
BICD2	0.796351345049893	0.269692721079609	2661.97	2.54	0.61	0.73	0	0	0	531
AR	0.982400819929461	0.999617046813345	4200.34	7.72	0.54	0.73	0	1	0	160
MATR3	0.94521339615398	0.657822400066587	3740.98	1.25	0.53	0.74	0	0	0	231
HMGCR	0.905191512381899	0.206873566322627	2937.41	4.86	0.59	0.71	0	0	0	313
MTF2	0.680469905548693	0.396348724285728	2967.19	5.5	0.52	0.74	0	0	0	774
HDAC2	0.776525072907516	0.881696194614472	2794.45	5.71	0.69	0.75	0	0	0	573
TKT	0.868706018170902	0.180563820351611	3733.62	1.84	0.71	0.72	0	0	0	394
ZCCHC14	0.836260708374793	0.31367135513282	3425.3	2.56	0.49	0.65	0	0	0	455
SREK1	0.743434627152433	0.59938049042695	3122.33	8.19	0.48	0.71	0	0	0	643
PLXNB2	0.871197894722621	0.98217581311965	4404.48	2.59	0.55	0.64	0	0	0	387
TMEM131	0.699493160420746	0.35107320983463	2604.33	4.59	0.5	0.72	0	0	0	741
SCAF4	0.966202900529105	0.686111745606866	2769.06	5.29	0.57	0.69	0	0	0	204
LUC7L3	0.998749368747697	0.996513873226939	3530.62	9.76	0.59	0.77	0	0	0	71
MYH10	0.703967599138503	0.0261927651874232	2512.69	3.42	0.66	0.74	0	0	0	725
PNISR	0.84705824654586	0.837741138616206	2770.33	8	0.48	0.76	0	0	0	433
KIAA0020	0.648441212454503	0.00097614428124722	2512.53	3.81	0.55	0.7	0	0	0	857
MTCH1	0.744412207144346	0.704572945999473	2708.63	2.56	0.54	0.72	0	0	0	641
HIPK1	0.923960880554351	0.156026195208656	3043.04	1.81	0.63	0.73	0	0	0	279
PCNX	0.663375299809045	0.240974444453636	2919.67	3.86	0.62	0.73	0	0	1	823
EDEM1	0.676082988365531	0.0465682127308436	3566.77	2.59	0.66	0.71	0	0	0	786
NUP153	0.933236164937469	0.431445263472475	3148.3	4.12	0.45	0.65	0	0	0	258
IFFO1	0.697307054837977	0.124691759919929	3543.39	1.82	0.66	0.69	0	0	0	743
RICTOR	0.722762310146099	0.21713515694818	1886.36	6.94	0.59	0.71	0	0	0	686
EIF2S2	0.913682330181306	0.472164096696016	3028.37	4.29	0.61	0.74	0	0	0	300
PTK2	0.757122228597068	0.622107674140985	2819.71	3.12	0.68	0.73	0	0	0	608
PHRF1	0.646105711639285	0.0209402595795044	2785.34	2.92	0.38	0.6	0	0	0	866
CALR	0.990067205145377	0.999999999999541	0	88.86	0.5	0.69	0	1	0	129
SNAPC1	0.856711815383029	0.0202044223892668	2878.91	4	0.45	0.69	0	0	1	417
FAM53B	0.859198258794852	0.896213859142494	4256.23	5.07	0.39	0.61	0	0	0	415
MYO1E	0.682311228165244	0.324058131842556	2718.57	3.86	0.7	0.75	0	0	0	768
PGK1	0.747732193617837	0.00641779853300284	3968.53	2.8	0.57	0.72	0	0	0	630
WAPAL	0.789556115705235	0.0468237003275579	2672.09	4	0.53	0.73	0	0	0	549
HMGCS1	0.695239078409611	0.33140949480867	3853.03	3.2	0.57	0.63	0	0	0	748
SETBP1	0.909258935061843	0.986117846251269	2885.97	2.94	0.53	0.67	0	1	0	311
SRSF6	0.741701395083841	0.537951723270518	2347.54	7.75	0.52	0.63	0	0	0	645
CCND3	0.707544057018167	0.999932453926135	356	8.22	0.52	0.63	0	1	0	716
KIAA0182	0.998843645510774	0.934293009902818	5773.09	3.34	0.57	0.58	0	0	0	67
NFATC3	0.746962247375476	0.606097738727014	1996.86	4.63	0.59	0.75	0	0	0	633
SEC24B	0.680315345436426	0.41296852714997	2468.22	3.59	0.57	0.73	0	0	0	775
VCP	0.994128412736885	0.483681489192233	3058.01	3.45	0.71	0.8	0	0	0	114
GNA11	0.982993494253487	0.999999999808136	0	14.94	0.6	0.66	0	1	0	158
PXDN	0.790557796005509	0.113005901049894	2777.23	2.23	0.64	0.68	0	0	0	545
CSDE1	0.923216410092683	0.736174687176525	3443.16	4.41	0.67	0.8	0	0	0	280
SMARCD2	0.789270520157614	0.766439208046451	3644.13	4.26	0.58	0.75	0	0	0	550
DEK	0.673474207302929	0.582580731625796	3435.61	3.96	0.58	0.78	0	1	0	792
PRDM10	0.623430403331081	0.149696764304446	2277.58	2.9	0.6	0.71	0	0	0	925
RERE	0.848032696387666	0.983525333095481	2643.21	3.39	0.67	0.75	0	0	0	429
TLN1	0.770051295736519	0.629174292326376	4845.11	3.28	0.63	0.76	0	0	0	589
EIF5A	0.826302189032529	0.960043379587291	2560.67	9.71	0.62	0.67	0	0	0	476
RASA1	0.99505018010756	0.998947470350901	1920.34	14.19	0.68	0.75	0	0	0	107
MAPK1	0.977112376802922	0.972377406406381	2980.59	6.43	0.7	0.72	0	1	0	172
RAB6A	0.661579817169823	0.158966701415676	2769.26	5.43	0.77	0.78	0	0	0	826
SRSF7	0.92577175254811	0.413464926986246	3566.37	3.67	0.56	0.71	0	0	0	274
GNA13	0.878062989139712	0.901357285860072	1893.38	5.5	0.67	0.67	0	0	0	375
DHX9	0.955736298847644	0.601215827199887	3286	4.25	0.5	0.72	0	0	0	223
CNOT1	0.972103151194701	0.222493560077206	2495.77	3.66	0.72	0.76	0	0	0	186
MED17	0.89234446788666	0.0518952202012753	2925.17	5.65	0.67	0.72	0	0	0	337
HDLBP	0.830700102816932	0.731211604637462	2886.14	3.9	0.66	0.7	0	0	0	459
WASF2	0.791741898894757	0.826602474175249	2506.58	2.86	0.53	0.69	0	0	0	541
STIP1	0.808546684396121	0.635857586027059	2692.41	4.46	0.63	0.73	0	0	0	504
MSN	0.919094394069442	0.845790194918832	4572.99	2.62	0.55	0.76	0	0	0	288
RPS19	0.804221153912179	0.346494994211257	3081.83	1.67	0.56	0.58	0	0	0	514
RBM33	0.647829224251832	0.126672552746578	1490.95	2.85	0.47	0.69	0	0	0	860
BCL2	0.96498350213287	0.997480801543522	3973.33	2.73	0.36	0.55	0	1	0	208
ITPR1	0.839785798491056	0.607291554038632	1449.7	2.96	0.68	0.73	0	0	0	446
TNK2	0.977170163271977	0.964376363197698	3777.79	3.64	0.62	0.7	0	0	0	171
MAP1LC3B	0.625001431698765	0.896124078275854	6192.7	9.67	0.56	0.65	0	0	0	922
SUV420H1	0.862196939121182	0.613979036563129	3158.64	4.09	0.5	0.73	0	0	0	408
SLC6A6	0.918220196904664	0.093595653727249	3154.57	2.32	0.62	0.71	0	0	0	290
IARS	0.794272122581074	0.0070520664754313	2175.02	3.51	0.64	0.73	0	0	0	534
ARFGEF1	0.723174060415325	0.116205728505776	2161.27	3.48	0.63	0.74	0	0	0	682
SSH2	0.77933505275423	0.112166952610275	2260.27	4.03	0.46	0.75	0	0	0	569
EIF4E	0.781889162690134	0.300348579916243	2832.99	4.5	0.65	0.75	0	0	0	565
SH3PXD2A	0.839463990706879	0.684637831784207	2304.02	2.33	0.44	0.73	0	0	0	447
SETD8	0.690318122449082	0.602411741565435	4809.08	1.98	0.5	0.63	0	0	0	753
ARCN1	0.896248084865409	0.513414994732848	2710.8	4.05	0.65	0.76	0	0	0	330
JHDM1D	0.671092351875372	0.315217495904591	2468.35	4.06	0.49	0.74	0	0	0	799
CBLL1	0.701766776109783	0.528744268606204	2638.89	2.42	0.51	0.67	0	0	0	735
DNAJC13	0.736841728730408	0.483250070784145	2380.15	3.33	0.68	0.74	0	0	0	659
NRD1	0.804516458736352	0.104784530046689	2960.96	4.3	0.54	0.74	0	0	0	513
TXNL1	0.673389122936514	0.132558474704879	2932.9	3.54	0.7	0.75	0	0	0	793
ACTR2	0.879604060173329	0.379419365149722	2991.73	3	0.7	0.74	0	0	0	370
USP48	0.864450503914137	0.166442940306412	2418.52	4.35	0.57	0.73	0	0	0	405
ZNF800	0.783120030948373	0.0693326235161525	2966.13	3.94	0.6	0.74	0	0	0	562
GOLGA4	0.765206580715682	0.248347170006708	2520.63	4.94	0.35	0.71	0	0	0	595
FAM65A	0.713411571423324	0.364039680570898	2493.02	3.45	0.46	0.67	0	0	0	704
MED26	0.800915020830725	0.246630562646852	2489.19	2.65	0.42	0.64	0	0	0	523
ITPKB	0.859153165649161	0.532013275784838	4626.52	2.78	0.36	0.68	0	0	0	416
SRCAP	0.917343746768025	0.465782746782317	1435.35	3.55	0.47	0.71	0	0	0	291
PHF2	0.645239338952282	0.0488185334355068	2221.8	1.89	0.53	0.68	0	0	0	867
ASPM	0.655791387575194	0.0306977850200925	2727.17	4.11	0.41	0.66	0	0	0	836
RRBP1	0.67425732009444	0.298299729493458	2604.52	2.13	0.41	0.67	0	0	0	789
LRIG1	0.703570169815657	0.102759463367021	4022.24	2.48	0.53	0.68	0	0	0	728
PRKCD	0.64060378624955	0.0498232573990181	3073.42	2.9	0.6	0.7	0	0	0	882
HTT	0.756042544510901	0.00368251973249636	2353.62	2.91	0.57	0.69	0	0	0	613
PCNA	0.802837162071887	0.0922655163326082	3641.09	4.33	0.65	0.7	0	0	0	519
CD81	0.647749244285966	0.164496219724572	4087.04	2.21	0.52	0.57	0	0	0	861
SIK3	0.727259444456974	0.647850611520353	3123.98	3.63	0.6	0.73	0	0	0	676
PDGFRB	0.85249612693515	0.980129685866504	3376.38	3.27	0.5	0.67	0	1	0	421
TRAPPC8	0.631680413010755	0.201778984918943	2919.09	3.76	0.62	0.71	0	0	0	899
DDX21	0.666252681185372	0.0125146967186625	2293.16	3.76	0.41	0.71	0	0	0	814
GLG1	0.681808718023574	0.544487172551547	2779.4	3.98	0.68	0.72	0	0	0	770
DENND4A	0.639267154025616	0.567474255303928	2877.57	4.31	0.54	0.7	0	0	0	885
ITPK1	0.749161082350871	0.11295918549881	3095.61	2.65	0.64	0.62	0	0	0	626
HIST1H2AC	0.865585566729145	0.881271923050044	4377.59	3.65	0.74	0.4	0	0	0	402
ITPR3	0.678431350829123	0.159343778117266	2064.75	2.18	0.63	0.7	0	0	0	782
LATS1	0.937340159137127	0.894598113271013	2301.56	10.96	0.58	0.68	0	0	0	248
USP36	0.638263459610691	0.174917003040152	2597.65	2.95	0.42	0.67	0	0	0	889
MGA	0.805786458139199	0.929139442004684	535.76	6.39	0.48	0.69	0	0	0	508
U2AF1	0.999983049195011	0.999999999997916	561.23	26.12	0.6	0.75	0	1	0	29
WHSC1	0.642135140420447	0.922433946203724	629.25	3.9	0.58	0.7	0	1	0	874
EBF3	0.830279523156144	0.397387742117017	3112.19	2.05	0.76	0.71	0	0	0	464
RTN3	0.72116876167094	0.245905683237984	2522.26	6.11	0.33	0.71	0	0	0	688
FARSB	0.865479833084167	0.0325963272434164	2283.73	4.64	0.62	0.71	0	0	0	403
TPX2	0.943000556629837	0.963686842924116	2211.02	3.31	0.44	0.69	0	0	0	236
ZRANB2	0.821221945177772	0.13505747936708	2421.57	4.88	0.55	0.72	0	0	0	487
TAF15	0.67947152851008	0.452979869832449	2216.23	5	0.56	0.76	0	1	0	779
MAP2K1	0.936853197188623	0.999892026920164	1158.91	10.49	0.71	0.73	0	1	0	250
PTPN23	0.634976395230742	0.0157412224210532	1510.96	2.7	0.47	0.69	0	0	0	894
NRBP1	0.671014279321058	0.311095825479819	2169.78	3.48	0.55	0.75	0	0	0	800
ABCA1	0.709830770771687	0.122725660572465	2960.99	3.44	0.59	0.72	0	0	0	713
STK40	0.921234376787942	0.839464649460395	1947.19	3.02	0.68	0.71	0	0	0	283
FXR1	0.73166178383285	0.0486375599034743	2506.72	2.83	0.63	0.73	0	0	0	668
PRMT5	0.685931581352255	0.447724813599139	2709.99	4.12	0.66	0.74	0	0	0	764
XRN2	0.829621724674341	0.210120825263931	2259.18	2.96	0.64	0.71	0	0	0	467
EIF2C3	0.790977590184871	0.485149112225323	2429.15	6.47	0.71	0.67	0	0	0	544
RPS3	0.737689731437034	0.0533056379866952	2807.52	2.29	0.7	0.73	0	0	0	656
ASCC3	0.682513112576636	0.0768518870993803	2298.03	5.59	0.64	0.72	0	0	0	767
SRSF2	0.999986116684102	0.999999999998598	0	2.6	0.6	0.58	0	1	0	27
PIK3R2	0.715769548024055	0.880300047475725	2872.89	5.04	0.56	0.63	0	0	0	702
ANKLE2	0.879160835058113	0.0158662185822704	2253.36	3.12	0.43	0.62	0	0	0	372
CCBL2	0.803661075909962	0.129926667187221	2372.59	5.11	0.58	0.7	0	0	0	516
JMJD1C	0.989496005170338	0.98919138370619	5528.26	4.88	0.49	0.73	0	0	0	132
NIPA2	0.641690500981623	0.114298926301399	2423.52	3.95	0.64	0.58	0	0	0	876
WIBG	0.711719141399157	0.42141489854673	5702.52	3.06	0.46	0.7	0	0	0	707
CAMSAP1	0.765996672088579	0.0447771831782763	2122.5	2.86	0.44	0.68	0	0	0	594
DDX54	0.631769334767255	0.257426473025681	1750.03	2.8	0.55	0.67	0	0	0	898
RIMS2	0.847390920376293	0.961069701754491	1222.35	4.07	0.64	0.74	0	0	0	431
TXNDC11	0.630278833148117	0.188423874991461	2850.57	2.83	0.44	0.69	0	0	0	904
B4GALT5	0.650451033403431	0.83475407027369	3046.89	2.65	0.61	0.71	0	0	0	849
TAOK1	0.633787628475213	0.405678029092892	2671.29	4.54	0.62	0.75	0	0	0	896
HNRNPM	0.975911393955832	0.787890268091947	3416.03	3.03	0.62	0.72	0	0	0	175
CCT3	0.965330611042889	0.128056839327517	2578.81	4.15	0.72	0.74	0	0	0	206
MBD6	0.844781541387115	0.780630727459572	4218.16	3.57	0.47	0.71	0	0	0	438
NCOA7	0.759474170172804	0.645980868500499	1953.63	7.44	0.44	0.73	0	0	0	605
AKIRIN1	0.750688916943483	0.558330777099006	2642.88	15.5	0.67	0.63	0	0	0	625
UBR2	0.624677818108798	0.222296877662229	2896.38	3.94	0.56	0.71	0	0	0	923
TMEM189-UBE2V1	0.897350740931491	0.845995259203256	4425.53	3.13	0.7	0.68	0	0	0	325
GTPBP4	0.694974930875594	0.0227832842075803	2186.71	2.82	0.65	0.67	0	0	0	749
NEMF	0.70233586064645	0.0379265825610127	2122.42	4.55	0.56	0.69	0	0	0	733
BANP	0.928638953507845	0.520677116323672	2739.9	2.23	0.65	0.68	0	0	0	266
IDH1	1	0.999999997943065	2421.01	141.3	0.73	0.7	0	1	0	3
MDN1	0.883300764169325	0.0361814714670463	2281.04	3.85	0.51	0.68	0	0	0	363
NAPA	0.650949986649101	0.0709273008057904	3192.39	2.04	0.66	0.72	0	0	0	845
PSMD7	0.704305743436026	0.0205183240385826	2088.27	2.75	0.7	0.7	0	0	0	724
SNRPB	0.891842963875958	0.514381108638024	2405.15	3.19	0.69	0.7	0	0	0	338
XPO6	0.665473924884431	0.40219123799509	2592.11	2.2	0.7	0.75	0	0	0	815
RBFOX2	0.798414521092994	0.967546305324994	4165.73	3.97	0.67	0.74	0	0	0	527
TGFBR1	0.731898161834593	0.858926287769577	866.59	12.83	0.75	0.73	0	0	0	667
RAC1	0.73565835069639	0.999969752047805	0	11.04	0.69	0.71	0	1	0	664
ADRBK1	0.962958518797543	0.903671195063325	4638.88	2.96	0.61	0.71	0	0	0	213
HDAC4	0.941029770384731	0.441447489434198	2495.59	2.34	0.62	0.67	0	0	0	240
MYO18A	0.787460882149054	0.729590849464133	2007.86	2.79	0.57	0.73	0	0	0	554
VOPP1	0.76349228335509	0.416152178996586	3068.47	1.91	0.54	0.62	0	0	0	600
HJURP	0.920048216946026	0.957913876725565	2363.67	5.71	0.22	0.6	0	0	0	285
STAMBPL1	0.790521395628347	0.0328223608569961	2906.54	5.63	0.54	0.7	0	0	0	546
STAT3	0.997980039548059	0.999941224927446	2333.51	7.32	0.69	0.74	0	1	0	82
RPL11	0.698553927322073	0.109345374427773	3004.08	3.31	0.78	0.73	0	0	0	742
ADAM9	0.773577319961754	0.198162691579515	3572.78	3.93	0.51	0.72	0	0	0	582
TAF1	0.912525080996311	0.229248751477662	2261.91	7.19	0.61	0.72	0	0	0	303
IWS1	0.663666241538316	0.178969276035108	1960.82	4.89	0.44	0.71	0	0	0	819
CSTF3	0.649658199214286	0.221367699729747	2959.04	2.98	0.64	0.77	0	0	0	852
NFIC	0.931806645878779	0.72852403401373	3745.32	2.75	0.71	0.69	0	0	0	260
ZBTB1	0.793725286961019	0.925432818541274	4432.78	5.13	0.49	0.65	0	0	0	537
ABHD2	0.782967970064148	0.358573407458535	3853.27	2.57	0.61	0.71	0	0	0	563
NUP155	0.843952747136569	0.0532891286618898	2311.34	2.84	0.67	0.7	0	0	0	442
UPF2	0.648641193074801	0.77161873662214	2282.63	4.4	0.63	0.75	0	0	0	855
SMC3	0.679336542115604	0.336593259422319	2834.57	1.77	0.68	0.77	0	0	0	781
MTHFR	0.699690978024431	0.883691538278838	4773.84	2.31	0.6	0.71	0	0	0	739
CDC42	0.934286623613088	0.854731937610731	2901.66	4.73	0.71	0.71	0	0	0	255
FKBP5	0.736001228354021	0.489943136109651	2906.33	3.48	0.58	0.73	0	0	0	661
SLC15A4	0.632029647140412	0.00958812957722776	3029.63	2.32	0.49	0.68	0	0	0	897
EPHA7	0.758192189554313	0.48205020896097	3100.51	5.2	0.66	0.73	0	0	0	606
TNPO3	0.903623528123206	0.0395790313116486	2127.4	3.08	0.7	0.76	0	0	0	317
RANBP3	0.73039549337802	0.516843046599254	2094.69	3.22	0.55	0.69	0	0	0	669
HNRNPK	0.913777653431793	0.239918060577762	3643.81	6.35	0.58	0.74	0	0	0	299
FAM13B	0.767054012714979	0.221043051149656	2373.99	5.51	0.54	0.72	0	0	0	591
FAM123B	0.679344802711654	0.709961186124709	1951.09	8.44	0.33	0.62	0	0	0	780
NAA25	0.855138967396086	0.48605045166668	2184.94	5.4	0.54	0.72	0	0	0	419
SEC62	0.631609746874689	0.543157313935885	2260.02	4.67	0.53	0.72	0	0	0	901
COL4A1	0.657060187788416	0.782628143361412	990	3.09	0.55	0.66	0	0	0	834
ARID4B	0.815417404866581	0.32853496848928	2308.11	3.25	0.54	0.72	0	0	0	495
PIK3C2B	0.71056056035833	0.747071056372571	2412.76	2.95	0.56	0.72	0	0	0	712
MIB1	0.756286800092241	0.163487558947755	2956.96	4.89	0.74	0.58	0	0	0	611
SAP130	0.707083018537666	0.384382065784469	2171.25	2.92	0.64	0.73	0	0	0	718
CDC5L	0.913308643079603	0.0541659136908679	2247.51	2.7	0.61	0.76	0	0	0	301
CAMTA2	0.757792393490837	0.361945611221589	2099.88	2.82	0.53	0.71	0	0	0	607
WDR33	0.710893328134938	0.593947003632888	2306.35	4.65	0.61	0.71	0	0	0	710
RASSF4	0.826629904792925	0.0617238751644571	3897.17	3.36	0.46	0.67	0	0	0	473
PARP1	0.787829666465236	0.157829772895425	2947.54	3.4	0.57	0.68	0	0	0	551
EWSR1	0.995327175880402	0.983196356732471	3621.81	4.74	0.61	0.72	0	1	0	105
NUP98	0.938825933265536	0.879237924568629	2294.13	5.69	0.59	0.7	0	1	0	247
GNAS	0.99926553519744	0.999999999999129	124	12.26	0.46	0.68	0	1	0	60
FAM69A	0.915881099728638	0.150523003182923	3088.39	9.33	0.5	0.65	0	0	0	297
HIST1H2BD	0.859787374701224	0.725868464210917	3477.55	3.26	0.59	0.62	0	0	0	414
NXF1	0.855636342733267	0.760222866668187	1955.79	4.18	0.51	0.69	0	0	0	418
AGAP1	0.747088603861139	0.0741118916887779	2780.55	2.59	0.68	0.72	0	0	0	632
BRAF	1	1	2127.34	163.5	0.7	0.75	0	1	0	4
SEC24C	0.735068050831619	0.635977791978721	1960.94	3.93	0.57	0.77	0	0	0	665
SMS	0.800483473331442	0.630094486161298	3079.19	2.59	0.59	0.7	0	0	0	524
CSNK1D	0.638109609098807	0.648659168405711	2995.41	2.5	0.74	0.75	0	0	0	890
GXYLT1	0.651058692598601	0.649500793719723	1872.28	5.75	0.65	0.69	0	0	0	844
GTF2B	0.755828509973592	0.0710863912405572	2248.17	3.86	0.71	0.74	0	0	0	616
PRKACA	0.998456395378163	0.999998975973163	3216.65	10.25	0.77	0.71	0	1	0	75
PLK1	0.837857295353533	0.305971054820884	2143.51	2.79	0.62	0.72	0	0	0	452
GATA2	0.924218935771014	0.999613854391038	6028.03	2.99	0.71	0.66	0	1	0	277
XPOT	0.840277106550329	0.14656424449347	2283.32	3.13	0.66	0.7	0	0	0	445
FRG1	0.668862314307676	0.718734922010221	762.07	8.83	0.55	0.64	0	0	0	806
KARS	0.892916349716663	0.0419627822158467	1431.88	4.32	0.68	0.75	0	0	0	336
BRF1	0.811976734783159	0.329509318359632	2118.02	3.04	0.54	0.66	0	0	0	501
ELAVL2	0.706485143980472	0.223111786204946	3835.44	1.77	0.77	0.82	0	0	0	719
TAF1D	0.650512747261889	0.0135310996723294	4855.42	4.73	0.32	0.59	0	0	0	847
EIF1AX	0.998553708309946	0.898180230745233	2421.61	18.63	0.6	0.73	0	0	0	72
GIGYF2	0.974886649440342	0.749067978656758	2322.45	6.8	0.57	0.69	0	0	0	179
SNRNP70	0.789910878001465	0.631750941080457	2217.69	4.5	0.43	0.72	0	0	0	548
FBL	0.929955522780792	0.153509210179863	2861.79	3.74	0.61	0.67	0	0	0	262
MAP3K12	0.688953016751615	0.874403569104469	3355.59	3.99	0.52	0.74	0	0	0	757
COPS5	0.793393090253797	0.208533411594828	4950.37	3	0.63	0.75	0	0	0	539
TAF1B	0.670254971137193	0.0112046049883148	2011.29	5.21	0.42	0.67	0	0	0	805
NUP85	0.703180507274116	0.126761278665567	1808.18	2.51	0.6	0.68	0	0	0	729
RBM27	0.803924799494037	0.731609106256586	2237.66	4.61	0.54	0.69	0	0	0	515
ERGIC1	0.755039920340092	0.929630969582549	2608.78	1.48	0.71	0.71	0	0	0	618
CS	0.770426910109198	0.863578138580529	2143.68	7.11	0.67	0.73	0	0	0	588
EPN1	0.753243414482427	0.0946962431908894	2402.13	2.57	0.51	0.64	0	0	0	619
LRP5	0.705438713625277	0.0462000161556162	2702.24	2.24	0.63	0.68	0	0	0	721
TFAM	0.89376144851358	0.112096773443058	2170.11	19.5	0.33	0.63	0	0	1	334
CHMP4B	0.693284941177467	0.05658891113209	2263.97	2.06	0.55	0.73	0	0	0	751
NAA35	0.639946856380131	0.206000528941715	2105.11	6.5	0.66	0.76	0	0	0	883
PPP4C	0.695888016233932	0.242171292101189	1957.41	5.08	0.65	0.74	0	0	0	746
UBE2L3	0.627112373542919	0.176649256703445	2573.08	2.36	0.68	0.7	0	0	0	916
SF3A1	0.672849690274044	0.39778042639776	2007.79	1.88	0.66	0.74	0	0	0	795
SYNE2	0.630886610910256	0.148627680376153	1157.59	3.51	0.43	0.68	0	0	0	903
POLR2A	0.852183248212186	0.599770969481605	2644.09	2.83	0.65	0.74	0	0	0	423
PTPN11	0.999466029566606	0.999999989681123	817.21	16.52	0.77	0.74	0	1	0	54
EPRS	0.813038939078143	0.0606604970867738	2105.56	4.78	0.61	0.72	0	0	0	499
HLA-A	0.830563020232244	0.697332105203057	2140.05	2.73	0.3	0.56	0	0	0	461
DAPK1	0.717717668151598	0.0599446146916765	2900.22	2.52	0.66	0.74	0	0	0	695
STK38	0.62602991526581	0.255988405140373	2657.44	4.36	0.72	0.77	0	0	0	919
DARS	0.721399881757425	0.0411020424947068	2064.19	3.91	0.72	0.7	0	0	0	687
CASC3	0.719900005288996	0.371974893895298	1697.94	2.95	0.53	0.71	0	0	0	690
TBC1D14	0.942629430244449	0.197640806685909	3141.37	2.65	0.52	0.73	0	0	0	238
PTPRJ	0.687681967659473	0.160946400303173	2522.65	3.73	0.37	0.67	0	0	0	762
COPS3	0.628993243317041	0.0543935679513156	2045.81	5.75	0.72	0.75	0	0	0	909
PRPF19	0.869041860278052	0.109710294113182	1982.85	2.04	0.68	0.72	0	0	0	392
MAP2K2	0.805430618672669	0.576136684860675	2027.14	1.06	0.7	0.68	0	1	0	510
RAP1A	0.69950903670864	0.427511086061663	3227.9	8	0.75	0.79	0	0	0	740
EPHA5	0.755903745086243	0.797839706448606	2536.52	6.36	0.65	0.75	0	0	0	614
CDC27	0.933096167880171	0.996451447615865	630.4	2.75	0.66	0.74	0	0	0	259
GCN1L1	0.86027050410152	0.534506473561179	1414.75	2.4	0.63	0.71	0	0	0	413
PSMD12	0.764631948758033	0.12194637761313	2327.51	3.4	0.61	0.73	0	0	0	598
MMS22L	0.670548324420265	0.0186150099340534	2021.65	3.41	0.52	0.67	0	0	0	803
BAI3	0.623471970278405	0.875168130121469	2606.03	3.77	0.67	0.76	0	0	0	924
DNMT3B	0.665018246860818	0.643531710279761	922.32	5.91	0.53	0.67	0	0	0	816
COG3	0.71920518395842	0.0549801175486462	2059.63	3.23	0.61	0.73	0	0	0	692
IDH2	0.999999994121342	1	3181.49	31.62	0.72	0.68	0	1	0	17
URB1	0.666825670068135	0.0276153369277358	1862.31	2.08	0.35	0.66	0	0	1	812
ANKFY1	0.7358175209535	0.23476455514053	1875.49	2.83	0.7	0.71	0	0	0	663
CYTH1	0.79789574219862	0.383630937506377	2904.31	3.08	0.71	0.74	0	0	0	528
SNW1	0.668792455893293	0.11987292250448	1762.65	4.73	0.68	0.76	0	0	0	807
KIAA0100	0.650899988213807	0.0832567267233622	2052.65	3.37	0.58	0.73	0	0	0	846
ERBB2	0.991222518689412	0.999603804191982	1298.89	12.61	0.53	0.69	0	1	0	124
RAD50	0.773121773635498	0.358108140521881	638.02	11.63	0.57	0.72	0	0	0	584
UCP2	0.766274707355044	0.878732576021707	3106.2	5	0.68	0.73	0	0	0	593
PALM2-AKAP2	0.812824119564836	0.692284156493164	3157.14	3.91	0.44	0.72	0	0	0	500
TMEM87A	0.689132377662306	0.185128817269045	2466.11	5.53	0.61	0.69	0	0	0	755
KRAS	1	1	1852.34	391.89	0.81	0.73	0	1	0	6
ECD	0.869141432998735	0.284114872188465	1928.71	6.54	0.42	0.69	0	0	0	391
ATP6V1C1	0.82772388005992	0.0544975780964551	4207.4	2.77	0.67	0.69	0	0	0	470
AKT1	0.99820761130581	0.9999999995722	1557.24	15.88	0.69	0.65	0	1	0	78
RPL12	0.756605464324021	0.0767263796376513	2981.7	3.25	0.69	0.75	0	0	0	609
NPAT	0.647342953440778	0.163906076245719	1771.84	3.77	0.36	0.67	0	0	0	863
ILK	0.662697877443689	0.148510080507187	4355.76	2.77	0.69	0.7	0	0	0	824
FLT1	0.727987681604376	0.252367864194507	2438.61	5.42	0.49	0.67	0	0	0	674
AARS	0.849484250571401	0.116165177849569	2207.83	2.5	0.68	0.73	0	0	0	425
MYD88	0.999999999999982	1	3206.53	75.92	0.55	0.63	0	1	0	8
CSNK2A1	0.96695430453752	0.863845951288103	2739.8	8.11	0.69	0.76	0	0	0	202
ARL8B	0.736570503197622	0.0763265552167188	2223.87	4.75	0.7	0.73	0	0	0	660
SNRNP200	0.90169448878491	0.0302921970134131	1712.06	1.97	0.69	0.74	0	0	0	320
VEZT	0.646907513554482	0.42089895212444	2162.14	4.94	0.5	0.7	0	0	0	864
TUBGCP3	0.846305127654487	0.114260869837535	2006.5	4.72	0.59	0.69	0	0	0	435
SMO	0.667477905973683	0.80531844500047	1766.22	7.67	0.61	0.74	0	1	0	811
RBM17	0.712874418327117	0.167877029547439	2041.59	4	0.6	0.68	0	0	0	706
DDX42	0.801588327129763	0.418919912958362	3040.27	4.39	0.59	0.75	0	0	0	522
MCC	0.663524254910371	0.0961744138827736	2260.99	3.36	0.65	0.72	0	0	0	821
KIT	0.999993744900542	0.999999790920323	2272.2	15.27	0.55	0.71	0	1	0	26
PSMD1	0.751917836362751	0.112148833777203	1897.93	3.6	0.67	0.76	0	0	0	623
ECE1	0.941676379421517	0.832301597536647	3266.87	3.28	0.61	0.69	0	0	0	239
PRPF8	0.97924420715032	0.667070988529625	1863.85	2.38	0.8	0.79	0	0	0	165
SNRPC	0.644242858014842	0.408586361920294	1650.11	8	0.67	0.68	0	0	0	868
KRR1	0.782671677340743	0.0233043043108225	1796	3.35	0.6	0.74	0	0	0	564
MEPCE	0.725383597311275	0.839859514985869	4355.48	4	0.46	0.71	0	0	0	678
PPP1CA	0.815584859360165	0.330271546269631	3499.24	3.2	0.75	0.66	0	0	0	494
MFN2	0.799080047485497	0.156669836665776	2097.05	3.31	0.67	0.72	0	0	0	526
TMEM41A	0.639216674038327	0.00129566546387573	1895.89	8.38	0.55	0.65	0	0	0	886
RQCD1	0.889172239978002	0.90886217174194	2792.9	4.18	0.74	0.73	0	0	0	348
POLR3H	0.680878649827434	0.0312264965446807	2155.15	3.54	0.75	0.66	0	0	0	772
TUT1	0.642364724063477	0.135352927682907	1864.02	2.54	0.41	0.7	0	0	0	872
POLR3B	0.688769421937459	0.00570224344381295	1686.27	3.42	0.75	0.76	0	0	0	759
SBF1	0.733869430603138	0.23057891262118	2756.63	2.46	0.58	0.67	0	0	0	666
UBAP2L	0.795916002511529	0.841273885800452	2813.57	2.66	0.58	0.74	0	0	0	532
PELP1	0.780380806071601	0.218871903295251	1738.32	2.88	0.49	0.66	0	0	0	567
TRAF3	0.72279833306264	0.0435009729443129	2245	4.37	0.56	0.7	0	0	0	685
DGKD	0.780425293493529	0.0852765669872007	2594.55	2.58	0.63	0.68	0	0	0	566
CD58	0.670960244431596	0.672437195595415	1928.18	9.36	0.36	0.56	0	0	0	801
PHACTR4	0.652889227671056	0.22762987660415	1824.36	5.43	0.49	0.69	0	0	0	840
AMBRA1	0.627255568062267	0.707410097918072	2272.2	2.78	0.65	0.75	0	0	0	913
EIF2S1	0.921594905468508	0.169220564440942	2489.59	7.14	0.68	0.73	0	0	0	282
ANO6	0.641595922420128	0.212301434295683	2992.6	3.43	0.55	0.68	0	0	0	878
NRAS	1	0.999999917258636	1622.79	183.22	0.77	0.78	0	1	0	7
MCM6	0.700971995786369	0.0743302496792623	1906.53	4.37	0.67	0.7	0	0	0	736
HIRA	0.866623743327594	0.0730085517546601	2345.05	2.97	0.62	0.71	0	0	0	398
CDC16	0.826627291722074	0.0447734276612018	1612.68	4.22	0.67	0.73	0	0	0	474
MARS	0.887781845536832	0.0406326683718759	1613.92	3.11	0.57	0.7	0	0	0	350
KDR	0.823602346907068	0.877283698638276	2449.55	6	0.51	0.7	0	1	0	481
MED1	0.700521768112573	0.0296782413475861	1574.22	3.34	0.49	0.7	0	0	0	738
SH3GL1	0.826186559822971	0.767785114391157	2131.06	2.36	0.66	0.63	0	1	0	478
RPTOR	0.984604668407489	0.68296284324297	1644.51	2.63	0.72	0.72	0	0	0	154
MED6	0.725084948398505	0.108898975069095	1642.28	7.67	0.67	0.71	0	0	0	679
RAPGEF3	0.657621815909493	0.73707833044757	2492.05	1.96	0.58	0.66	0	0	0	831
CRNKL1	0.718694796984658	0.00340765411587361	1687.74	4.3	0.51	0.73	0	0	0	693
SLC25A25	0.898556504893236	0.671323533765692	3697.42	1.76	0.56	0.69	0	0	0	323
CELF2	0.969584639298436	0.675637641674342	3833.43	2.41	0.7	0.78	0	0	0	195
PSMA2	0.773184007685773	0.0612320532125084	2782.35	2.25	0.75	0.71	0	0	0	583
AURKA	0.803141021389931	0.666653695751918	3020.03	9.53	0.42	0.68	0	0	0	518
CCT2	0.650442210707845	0.0199168068701509	1597.55	2.61	0.67	0.72	0	0	0	850
HIST1H3B	0.802652089531876	0.784623672806609	0	7.53	0.82	0.59	0	1	0	520
RBM6	0.654643702705932	0.523859686807213	1526.53	4.09	0.44	0.71	0	0	0	838
BCAS2	0.756118982047799	0.00309270181238816	1517.45	9.4	0.63	0.66	0	0	0	612
CXCR4	0.939329274473361	0.943388924497712	3018.47	5.64	0.51	0.61	0	1	0	245
NOP14	0.630270836840703	0.0269262847795186	2691.09	2.91	0.49	0.62	0	0	0	905
SCYL1	0.84757180300006	0.177830615177418	1539.96	2.37	0.58	0.67	0	0	0	430
UBE2O	0.828317914816355	0.0532959184473097	1958	2.49	0.55	0.69	0	0	0	469
MTMR3	0.705362410330626	0.166670254229555	1814	3.46	0.54	0.75	0	0	0	722
RAE1	0.696533372176749	0.00846566697653811	1458.05	3.35	0.71	0.72	0	0	0	745
RRP12	0.647620116176504	0.0113190948065117	1463.16	2.41	0.51	0.7	0	0	0	862
LPXN	0.628629764484797	0.0698859509059289	4220.3	2.77	0.4	0.69	0	0	0	910
SAE1	0.985477338167713	0.826605892060824	2166.71	3.14	0.58	0.7	0	0	0	149
TRIM71	0.752327687864237	0.0769101143047764	3840.35	2.25	0.56	0.7	0	0	1	622
POU2F2	0.705261851328452	0.999027340112287	2446.71	3.32	0.58	0.67	0	0	0	723
SMU1	0.789971410148009	0.137983553537978	1307.51	2.03	0.53	0.7	0	0	0	547
BRD7	0.797027259203057	0.576974598378758	1941.38	5.86	0.51	0.68	0	0	0	530
SCARB1	0.709246181944934	0.286624953401277	1781.44	2.51	0.45	0.65	0	0	0	714
CDC123	0.839043124840362	0.0409562754669678	1555.83	3.17	0.66	0.68	0	0	0	450
FGFR2	0.967330589970021	0.995319291349738	1674.89	9.63	0.67	0.75	0	1	0	200
AKNA	0.681893936389597	0.12675649643493	3331.24	3.19	0.31	0.65	0	0	0	769
XRCC1	0.635098515686324	0.921076699577608	1729.23	1.16	0.46	0.67	0	0	0	893
CASZ1	0.785864550200387	0.580205876862589	2950.72	2.14	0.56	0.7	0	0	0	557
SYNE1	0.701788842915853	0.0863151877490145	1490.28	3.76	0.52	0.71	0	0	0	734
MYO1C	0.897338125579264	0.331193144727971	6923.27	2.22	0.67	0.73	0	0	0	326
DNAJC11	0.738871324751573	0.209269520897707	1394.81	2.29	0.72	0.73	0	0	0	653
PPP2R4	0.885884801142537	0.893969443519097	2616.01	2.74	0.62	0.68	0	0	0	356
POLR1A	0.916663575860703	0.129932699182651	1915.94	2.45	0.52	0.69	0	0	0	295
LONP1	0.805284379726125	0.566939253533676	2385.64	1.73	0.66	0.68	0	0	0	512
ZBTB17	0.670659747256186	0.582755082699889	1498.24	2.19	0.51	0.66	0	0	0	802
HRAS	0.999999998813616	0.999999919499579	330	16.83	0.75	0.65	0	1	0	14
CEBPZ	0.752665441690626	0.0310375269475283	2682.38	3.97	0.46	0.66	0	0	0	621
RIN2	0.853830635489832	0.192308033265018	2986.16	2.93	0.55	0.72	0	0	0	420
PLAGL2	0.637751428293859	0.774678513913807	2924.71	2.84	0.51	0.67	0	0	0	892
DDB1	0.746467916152798	0.330067752493612	2473.35	3.63	0.72	0.74	0	0	0	636
RARA	0.772002809226868	0.99969967752383	1030.04	7.03	0.65	0.7	0	1	0	585
FAM19A2	0.673881651364736	0.765707522698215	3591.14	4.18	0.65	0.75	0	0	0	790
ACO2	0.869178251048561	0.119227642667878	1765.44	2.31	0.69	0.69	0	0	0	390
PTPRS	0.89102712660607	0.923221061024907	3247.69	5.13	0.63	0.65	0	0	0	342
MYCN	0.778927051635058	0.986349653491262	3781.04	7.76	0.45	0.55	0	1	0	571
NUMA1	0.642786579682889	0.919114696723708	2223.55	3.1	0.45	0.69	0	0	0	871
RPS6KB1	0.760351936382817	0.0410412210538359	1967.49	2.88	0.61	0.74	0	0	0	604
ZNF717	0.82688611250944	0.116264426423969	1281.72	4.45	0.13	0.59	0	0	0	472
MSH3	0.891381060182376	0.110492606288996	1416.87	4.82	0.53	0.7	0	0	0	340
NUP62	0.785898490335929	0.0823135159755655	2497.13	3.16	0.4	0.55	0	0	0	556
HACL1	0.997276936337737	3.85498226580832e-09	1551.41	5.12	0.59	0.68	0	0	0	89
DMD	0.909745919033314	0.9517106855658	3684.78	3.99	0.55	0.74	0	0	0	310
SMG6	0.805305273279405	0.601081542592914	2059.61	3.08	0.56	0.74	0	0	0	511
GSN	0.917003111167321	0.96988104673259	3089.98	3.21	0.62	0.71	0	0	0	292
CAND2	0.664835531321837	0.00159893359229202	2947.15	2.19	0.46	0.7	0	0	0	817
PRSS3	0.628367512228642	0.997991889816609	265.5	2.04	0.39	0.61	0	0	0	911
FGFR3	0.999995638157299	0.999999999962564	335.67	20.88	0.61	0.67	0	1	0	25
ELF1	0.763037048357098	0.381707259747257	3777.98	4.97	0.48	0.71	0	0	0	602
KCNJ5	0.999416118463066	0.99999846566327	753.33	15.25	0.64	0.62	0	1	0	55
LAPTM5	0.70744946721679	0.0857863608129232	4288.65	2.12	0.5	0.7	0	0	0	717
ITGB4	0.648066401956149	0.117814361027364	1610.63	2.49	0.54	0.65	0	0	0	859
ERG	0.791936917732166	0.9526904429826	1852.66	6.12	0.65	0.71	0	1	0	540
RPS6KA2	0.826303872766414	0.178498934334181	2772.28	2.68	0.67	0.69	0	0	0	475
KCNH2	0.644090759649769	0.259801915489677	3110.47	3.12	0.6	0.68	0	0	0	869
RUNX2	0.648798714422744	0.405427298477818	1353.47	1.19	0.74	0.73	0	0	0	854
NUP210	0.641680490675096	0.00499207951652231	2464.43	2.41	0.49	0.66	0	0	0	877
FLT3	0.991266903324106	0.999996578180855	400.74	9.48	0.52	0.7	0	1	0	123
ZC3H7A	0.776008121457616	0.32018333325636	2288.43	3.22	0.51	0.72	0	0	0	575
TRIOBP	0.890988817281003	0.0748075910145069	3622.33	3.62	0.33	0.63	0	0	0	344
CARD11	0.878321088036424	0.622279745278489	1280.87	5	0.54	0.67	0	1	0	374
CACNA1H	0.741628519701087	0.0969492432809951	2287.83	2.82	0.5	0.65	0	0	0	646
RET	0.862322889698848	0.999741969971178	758.2	2.54	0.56	0.68	0	1	0	407
TTN	0.823447251444588	9.19152269806605e-05	2169.1	3.98	0.49	0.71	0	0	0	482
ALK	0.894912860183351	0.51209291448143	1250.78	5.73	0.54	0.7	0	1	0	331
CCR7	0.658251176675835	0.670423791810367	2690.25	3.31	0.43	0.6	0	1	0	830
CTBP2	0.99715258005401	0.974779991747553	5631.9	3.25	0.58	0.72	0	0	0	91
CACNA1E	0.692014054581785	0.382737765290363	1796.57	2.98	0.6	0.74	0	0	0	752
CSMD1	0.934536749181896	0.756524130644376	1529.15	2.83	0.62	0.71	0	0	0	254
ZBTB38	0.661785289491318	0.759992103835096	2946.56	2.9	0.32	0.58	0	0	0	825
RAPGEF1	0.943768615929189	0.810704440107953	2793.06	2.9	0.58	0.71	0	0	0	234
BRD4	0.991868666540794	0.986533008773346	3434.49	4.46	0.52	0.68	0	1	0	122
PDE7A	0.75590334148919	0.388181058997916	3713.42	3.31	0.56	0.7	0	0	0	615
PRRC2B	0.985209903086506	0.925373233973183	4290.97	2.41	0.52	0.71	0	0	0	151
SLC4A7	0.840443036244095	0.210405491651641	2959.47	6.04	0.62	0.74	0	0	0	444
GRLF1	0.861578195549443	0.296560341247586	1197.16	5.14	0.58	0.58	0	0	0	409
ANK3	0.748462102761962	0.581323550896149	1931.53	3.84	0.54	0.77	0	0	0	628
KIAA1267	0.885803124051117	0.875378255080383	4755.94	4.79	0.51	0.58	0	0	0	357
DYRK1A	0.92092980175602	0.861309862536316	954.35	2.65	0.71	0.74	0	0	0	284
RORA	0.726205879113485	0.52311059272752	3088.34	5.66	0.57	0.68	0	0	0	677
ASAP1	0.793594004151564	0.144352475087756	2991.16	2.37	0.61	0.72	0	0	0	538
C5ORF13	0.627172612540518	0.217108792338095	3353.4	9.75	0.32	0.58	0	0	0	914
FYN	0.898521557452621	0.700942681647271	1719.16	5.86	0.71	0.77	0	0	0	324
KIAA1432	0.677437627153779	0.0276585583047419	2813.11	3.55	0.65	0.72	0	0	0	783
TACC2	0.718210693542804	0.313725227116256	1744.3	2.78	0.36	0.68	0	0	0	694
TCF20	0.866592441927703	0.207882481176499	2366.3	3.81	0.52	0.71	0	0	0	399
MPL	0.987820919519186	0.999733164358889	1370.38	12.21	0.39	0.64	0	1	0	140
AQP7	0.987548464093363	0.996988911159905	1194.41	3.01	0.43	0.57	0	0	0	143
LPHN3	0.688962958960628	0.178061718462108	2295.75	3.02	0.65	0.75	0	0	1	756
ABLIM1	0.891002758904308	0.362179374998317	2779.89	3.29	0.59	0.7	0	0	0	343
SBNO1	0.985119587923918	0.681423166383417	2218.41	6.73	0.67	0.74	0	0	0	152
KAT8	0.748824004747642	0.133541700039708	1928.3	4.91	0.61	0.67	0	0	0	627
RSRC2	0.813523372998533	0.871692925873465	3875.69	5.64	0.47	0.7	0	0	0	497
H3F3A	0.999999999860023	0.999999999469501	4337.61	53.1	0.66	0.7	0	1	0	11
YTHDC1	0.830579968608734	0.697571809503825	3574.76	3.64	0.59	0.72	0	0	0	460
CCDC12	0.887333128239928	0.332425808679161	6017.12	1.68	0.44	0.7	0	0	0	351
KAT7	0.881800688279112	0.905271725215869	1545.43	5.07	0.65	0.77	0	1	0	366
ANKRD50	0.814158313387963	0.488206100243975	3612.49	5.07	0.67	0.73	0	0	0	496
IFFO2	0.821628773843104	0.627804969740057	4116.39	2.86	0.52	0.7	0	0	0	486
PPP2CA	0.886472683175407	0.179283535051162	3753.73	2.84	0.75	0.72	0	0	0	355
C20ORF112	0.848165127883271	0.827587644601846	3711.63	2.49	0.64	0.58	0	0	0	428
ANKHD1	0.705518181501555	0.332681174829196	2867.75	5.59	0.63	0.68	0	0	0	720
MCMBP	0.736880613814687	0.197707270918858	2383.09	4.57	0.6	0.7	0	0	0	658
UBAP2	0.638986970789489	0.153441108717685	2536.97	3.49	0.5	0.69	0	0	0	887
DDX39B	0.752731230297348	0.909359511202025	2752.59	4.86	0.6	0.76	0	0	0	620
SDE2	0.770903714992318	0.0990166352212239	2066.47	2.42	0.43	0.65	0	0	0	587
IGLL5	0.648462066394538	0.728855577609542	4802.12	1.88	0.25	0.57	0	0	0	856
KIAA0947	0.672437864589446	0.246637679194086	3116.32	3.88	0.31	0.68	0	0	0	796
PAXBP1	0.837073595605172	0.485971306510887	2804.51	3.87	0.56	0.74	0	0	0	453
C16ORF72	0.974761116942134	0.981649764660217	5080.16	6.09	0.57	0.58	0	0	0	180
PKM	0.934833859111345	0.849725085902427	5414.77	2.61	0.67	0.75	0	0	0	253
PPP1R18	0.741208236183703	0.481098044511103	8013.07	2.53	0.3	0.63	0	0	0	648
KANSL3	0.642313280474076	0.721203491806533	2271.35	5	0.51	0.73	0	0	0	873
FAM102A	0.829768803084043	0.961255853013063	5109.28	2.88	0.59	0.69	0	0	0	466
ELMSAN1	0.929084608665971	0.83045585946314	5095.03	2.52	0.43	0.69	0	0	0	265
ARHGAP35	0.846186162279805	0.834873136183447	1197.16	4.57	0.58	0.58	0	0	0	436
GSE1	0.986171685557738	0.61082901512205	5773.09	2.21	0.57	0.67	0	0	0	147
KANSL1	0.861075051508716	0.52450734617411	4755.94	4.52	0.51	0.66	0	0	0	410
WDR47	0.716927125046262	0.413575330462657	1996.9	8	0.69	0.75	0	0	0	697
