NG_sampled
8702
5406
7551
13175
19578
19582
11451
16668
14470
13564
12223
12909
18169
16005
8890
10764
16379
1137
16026
6702
18143
14708
11981
17623
12721
16297
5457
3975
8116
8040
18688
10248
5855
16391
16765
9182
16885
4579
15434
12399
19430
19472
16726
18559
18552
4746
14972
12164
17938
13513
17428
16121
16712
6563
17062
16709
19449
7247
15472
7273
7284
14956
19145
17540
11218
11253
17720
14192
10514
17296
16584
17809
10130
5536
18351
5755
18939
17882
11360
13734
17531
15017
13129
14347
15828
9750
12464
11607
14841
18796
10930
14153
11158
6603
3367
15703
10095
13641
17954
17461
16256
17035
16376
5061
17291
17643
17705
11084
14146
13814
17901
5099
9849
7458
8415
8940
4605
15392
9459
14616
4617
16002
19484
19177
10845
18655
15527
12872
16402
13655
19118
17695
4351
14213
17268
18808
2472
5269
14691
15855
12668
536
13035
2363
9074
16878
17768
16308
16478
14503
11596
15693
18690
13793
11580
17618
1194
16485
11464
18466
12256
11251
17638
13353
17608
14337
16977
10770
15187
18330
17003
5330
14158
7896
12118
14382
7465
11481
19051
17711
5218
10223
11297
10420
1675
10989
17587
6608
3845
14558
17084
13441
18448
15787
11002
18454
9572
7096
7140
18053
15214
9288
11672
10442
16611
12555
11344
12732
18453
13009
11501
18350
15416
19423
10965
19270
18227
19317
16759
9943
10395
19108
5051
7328
18481
6736
8378
4639
15014
12516
14767
14485
5418
18980
7294
15441
14363
6627
13305
7749
13875
10537
4118
7970
10026
9397
16176
7664
4322
18356
16550
15692
7955
1900
17272
6846
16264
3895
4460
16556
10357
13365
16164
8083
17129
16127
16497
16469
16661
17142
16733
12277
17569
15580
8751
10749
18749
18707
15670
13434
16785
15433
4257
2236
7830
16024
16092
16901
17024
5509
8073
7213
9388
16246
14845
18322
18484
18236
17243
11739
4718
5750
13903
1094
9832
18438
12028
8850
17556
13888
15970
15072
19392
5598
14432
12841
17818
14943
18679
4069
15940
2678
6982
14738
17473
17570
16475
11422
8092
4363
14662
8272
17085
15723
15401
14069
2977
18604
18913
3536
15326
17727
14479
2824
7149
19553
17244
4139
10407
3443
15219
13415
9594
18263
12955
16520
16202
7804
14805
7442
16859
19486
8540
4400
7921
17909
9430
7520
15006
16883
16525
12774
13124
11406
12719
1850
14795
15778
14588
10532
14693
19610
8028
16647
15292
9058
17752
4102
14293
14742
15066
17455
11570
14683
16965
13384
17669
15042
11139
17832
16786
14530
7912
11654
9199
19062
13328
7518
11205
19324
19410
5495
5101
12973
7828
7666
12962
16188
9329
11417
19490
19463
5025
17655
17124
5558
17439
12706
13729
17302
17468
11921
16837
11484
19227
15396
18948
5996
17177
4196
7953
17813
9622
9448
4803
17601
13116
15985
4189
8498
1801
11069
13669
18308
3809
4664
13084
15492
4166
18093
17000
15511
13519
18198
18317
14086
15812
15432
1000
11762
13453
12160
16751
17526
15498
11329
18018
8648
9423
11718
12667
18565
19070
15382
10453
11695
18393
13933
19198
11456
13628
18163
16209
18497
11023
9373
16972
14931
15099
16431
14183
18086
19014
12881
18348
8113
16679
15732
10914
18246
18405
16772
8114
16140
10229
19200
16000
18856
10630
18113
16684
15178
18525
14078
12788
18124
18383
16546
13625
14715
1310
19509
5988
3526
17275
12209
12873
11630
1197
8656
17839
18605
14299
9029
15551
9418
15120
16916
5690
16014
10213
6967
15539
15192
12058
12740
18647
8537
10646
14664
19522
16505
14686
10814
9731
1785
18331
13332
18329
15094
10184
11209
12569
16572
15522
5513
15691
14580
5758
16433
17807
19433
18266
17810
8730
11059
17524
14323
16307
4056
9554
18364
14276
19037
18160
15250
14189
13992
18274
11755
10782
11268
14856
17537
17769
17069
14825
17150
18843
6454
16949
13012
16993
8375
17925
8574
17867
13233
15455
14429
18881
17874
19341
685
17063
19313
17115
18944
5043
15158
8016
17400
9634
15765
9629
17903
15623
18401
16143
10577
14102
4027
15565
19432
10448
4124
13540
6045
11190
12079
19511
16961
5661
10533
18855
15172
15317
7795
13987
5801
16571
13380
10263
16683
15008
18387
8947
16928
3483
14167
9230
18966
10103
1080
6649
17284
17602
18952
18566
19448
11441
7752
12901
18640
19551
6735
15962
15412
5111
1835
10419
573
7212
10454
15530
10220
11646
6182
18551
10936
11984
13754
9865
1212
15889
14219
18111
12947
17421
19502
11588
16826
18774
9644
8854
16201
10808
8219
3481
18503
16631
8501
11021
13490
18573
13531
12233
18360
16390
16788
10245
3638
11859
12777
12451
2826
15430
17930
9051
6865
13099
17756
10120
17030
17624
19189
15603
9427
18891
14752
9655
16033
6397
8119
249
16001
13105
19498
17604
10398
11790
14444
15867
5365
11087
19316
16888
7476
12932
15080
7062
13176
18204
5145
4126
16058
16249
8209
16970
18994
19073
17266
7412
10389
13778
12438
16581
1732
18733
5668
19300
12453
15992
13460
13560
6046
18327
7444
16640
14602
5799
18343
13635
19494
7431
9782
11245
5737
15319
16212
17160
11539
17538
15204
11447
4108
16400
11011
18963
8761
2840
19042
13915
10117
5487
13449
15052
18837
10812
12731
18691
13227
14652
11883
14176
15259
19322
819
17159
14259
15843
2385
18420
1495
9909
7628
12956
6385
8591
16590
14636
13791
14161
9753
12629
14448
12432
11582
16410
16499
3543
388
3358
13385
18687
11831
13209
6836
18004
13594
18133
5246
19119
14921
7499
9047
17267
10826
18671
15979
18984
19290
4831
10622
17135
14688
607
19066
16653
18061
9220
11589
5525
7472
6075
19265
7020
17754
12032
14987
18257
16964
3465
16691
15682
8647
17808
15781
16122
13002
8232
15169
9191
13368
19235
17395
16459
8439
18692
16490
14985
11890
9190
3030
19101
13019
8192
8323
12026
13180
6512
8886
15313
16791
18511
14709
4456
6236
16283
17572
6710
6370
6210
17140
16674
10830
10494
19465
16372
13864
19559
11934
14159
18323
19143
7036
16715
16350
19085
9151
8660
18389
6293
4416
14834
6102
17605
16262
11903
14430
14618
16239
18131
15463
15544
4584
13861
17639
18148
13853
9877
6446
16062
16123
18987
18465
18554
6680
13530
10469
18539
15053
12168
15223
5207
6518
9924
3201
11940
6223
16277
18342
16008
12205
15946
10547
17912
3924
15056
6004
19140
18159
15300
17043
13840
16421
18792
6700
13090
15655
14208
18588
14437
13735
14855
10197
7210
17164
5810
4968
11860
16255
14697
13413
16102
19456
19468
16135
12415
2797
16096
17303
3531
18634
16285
18078
18560
17921
11915
16040
5938
8004
13330
7238
7459
16284
18283
13350
4788
9921
18866
7744
15521
15801
13371
18977
12457
17192
15597
16242
9198
14390
9936
5209
18028
16900
15827
13475
18290
15830
14927
15808
9556
3624
16981
16688
15277
12913
10183
8238
17847
14257
11396
14140
17206
3323
7783
7261
12902
7882
18293
10068
656
9900
13928
10214
17975
15211
17891
11444
15541
18628
5578
8203
10777
2695
17523
5871
9931
5251
14598
13765
12437
9520
14252
12648
18206
6773
19123
7854
8957
15637
15725
18672
2523
15996
10279
4586
14228
4872
17595
17718
11620
14976
17747
1415
12513
17102
10425
10728
19390
18863
7781
14385
17022
4890
18500
18137
4702
18158
4419
9525
19260
15452
8422
15170
16168
19524
16064
5265
10991
18445
9768
7071
3294
19171
19076
7141
18683
6322
3855
12182
16664
13295
18442
12817
16146
12342
17588
18188
14022
12347
17740
17178
19386
14808
17611
17893
15852
12816
15534
8955
14700
18138
12398
15706
18337
17844
10760
15377
15696
16736
16549
6672
18666
11230
18359
4964
15566
18132
18546
14131
18413
14046
18468
12696
18361
15877
18918
18384
12136
15932
8594
6962
19530
13029
15841
17989
16958
7331
9851
12231
16975
12282
6445
8155
14669
4773
9898
18289
7402
12316
18268
13126
4330
16558
15747
15249
3864
16811
17274
17678
18831
16113
10429
8473
14572
6420
4677
11812
17197
15790
16275
16815
15142
16952
16333
19127
15727
11914
4366
15202
16048
16548
16592
7998
11480
9340
18621
18244
17680
4957
9677
15552
14996
15849
1825
15824
18648
19366
15246
16142
18349
17149
10056
11070
14433
14897
4732
3038
18462
5431
8697
13991
18586
5159
14388
19580
16895
18534
14367
2544
18644
8015
9989
19269
18889
5181
14103
15013
17293
13795
2309
17039
13087
15245
9257
19333
19213
19125
18366
16444
3615
14781
8011
7758
2168
4406
6517
16318
6443
10108
10217
19233
8999
11550
12818
17886
16280
13304
13970
6418
16866
6190
16245
13576
3631
17792
11723
9889
9646
18480
19400
10683
12722
12478
1138
11519
17500
6806
18884
12771
15253
8451
17053
8449
14912
2142
15759
11379
8065
13977
3467
11972
9562
12097
18354
12378
13144
15569
6059
16512
4469
7256
7073
13430
18782
17974
18416
10351
16828
18642
18395
9343
19151
15599
16974
16950
15991
19029
13998
15845
7170
16211
17628
5074
7334
13296
13757
19301
14750
19575
17865
8689
11689
16290
19078
18033
6812
5420
5876
10616
1027
12980
5808
8668
11177
15159
15097
17475
7478
4134
11540
15088
16764
6036
18790
16094
16587
15298
7051
9111
15473
11018
14098
17214
5991
9259
14675
16480
19537
11986
18899
10187
12886
1890
14733
19401
15383
12572
12067
9896
16162
18570
13098
10944
4819
13177
3954
15785
5636
16382
14079
12766
10096
3335
19005
13685
15114
9720
15871
16758
9538
18900
17404
18045
10455
11071
13157
12698
3042
14911
3739
17172
2403
17213
11621
15367
15389
8410
11977
10915
14229
7506
13588
3920
13951
17130
17699
8988
13013
19406
19634
15688
1258
18861
18251
19453
12147
11823
12424
4800
15087
18752
19022
8216
5929
14353
10891
18135
9212
8002
19010
12617
18302
17444
16991
13028
19557
16036
18140
11236
17857
18307
16867
13550
16938
18818
7330
18965
13122
5816
729
10896
17394
19542
13779
18740
3540
16706
8919
16616
12493
10800
19445
17890
18439
14333
18314
4739
15536
6174
17887
10230
9625
15023
17242
3168
6025
14944
3169
17280
10466
11005
14634
6139
11352
6101
18020
17817
13473
12273
14501
18643
5492
13429
13902
8523
9703
10724
10568
18107
15269
7128
5939
17033
13661
2876
11910
9610
1067
19608
14307
6633
17780
16988
15906
18649
15854
10305
17233
6254
16641
12350
5707
11272
15474
5860
11659
19003
7632
4030
16243
11664
12488
12896
3453
19513
17100
17920
17916
17193
16968
18291
12553
15997
9672
6123
13614
10994
13143
14513
7323
11354
19364
19571
19395
11864
7901
15912
19304
14889
16741
11748
15303
11804
11700
19174
16627
17371
15353
13952
16633
17850
6887
7184
19229
15673
15648
18793
5344
19154
9863
3570
15734
17801
12240
6588
11548
18794
11888
9974
9398
2700
2480
12738
17013
17622
17436
17079
6712
16381
15067
16996
19297
17219
11315
2779
8622
17777
4220
18556
17738
16043
7449
15883
14646
5769
16385
12937
17399
18252
17496
15934
19277
19224
9776
5480
16784
14777
15157
8598
19579
10298
15902
13123
14974
18686
14050
10878
16370
15399
11492
17006
19181
16080
12757
10745
14179
18592
5898
12146
9504
4986
4155
7390
5963
19195
18381
16775
7479
10984
8053
9115
16133
15090
9320
3937
10151
13822
16617
11949
17860
10527
19611
6941
17554
13190
18157
11404
19009
16215
1132
11407
7392
6686
18618
7547
12998
8100
17724
18974
17425
10181
9218
15547
15271
18339
10084
15953
14126
4983
17098
14442
6233
11870
15314
16651
8992
17077
14037
14451
12073
13543
15611
13638
3255
16913
4098
19481
14741
5658
4709
15825
17430
12299
11728
5360
11322
18187
14676
16644
18232
19191
19569
18463
12152
16261
12165
15071
18515
13949
15486
11767
19098
13711
16841
18975
15199
14224
17230
7958
19549
16136
5783
9216
3655
16619
18755
11482
10823
17613
2097
10142
17486
9008
17576
15045
13654
16860
17737
16602
14809
10883
19505
18311
6232
4269
19199
13709
15764
15993
1749
3830
17804
17864
12265
13759
16762
15461
4912
18537
17222
15987
18181
11192
16675
10342
17790
16057
17203
15596
14398
18355
9146
16210
66
17986
18248
9186
16093
36
7951
19478
11867
8393
10903
17259
1259
16705
15951
19093
15359
17949
16263
15809
10819
10379
14764
16874
14308
19329
11738
18582
10155
15524
18081
18083
7620
10572
11161
12009
17690
15647
2254
10232
11955
14298
15540
8165
9496
415
10423
10617
11791
18887
13104
10410
18193
15663
7843
12281
17533
8977
14506
17919
12317
17617
12876
16820
11818
12066
3210
12858
15777
18425
13749
17385
17693
11854
